"GECU10YR_Index" "USGG10YR_Index" "EUSWI10_CMPN_Curncy" "SPXT_Index" "DAX_Index" "CO1_Comdty" "EURUSD_Curncy" "FWISEU55_Index"
"2009-07-24" 3.477 3.6578 2.3025 1598.5 5229.36 70.32 1.4202 2.6925
"2009-07-31" 3.3 3.4796 2.2425 1612.31 5332.14 71.7 1.4257 2.6305
"2009-08-07" 3.51 3.8502 2.296 1650.73 5458.96 73.59 1.4183 2.632
"2009-08-14" 3.317 3.5688 2.294 1641.54 5309.11 72.41 1.4203 2.634
"2009-08-21" 3.312 3.5649 2.295 1678.84 5462.74 74.19 1.4326 2.6255
"2009-08-28" 3.25 3.4456 2.3 1684.05 5517.35 72.79 1.4303 2.625
"2009-09-04" 3.242 3.4378 2.3005 1664.34 5384.43 66.82 1.4297 2.6405
"2009-09-11" 3.236 3.347 2.315 1708.18 5624.02 67.69 1.4571 2.6385
"2009-09-18" 3.376 3.4632 2.33 1750.43 5703.83 71.32 1.4712 2.665
"2009-09-25" 3.256 3.3184 2.3005 1711.53 5581.41 65.11 1.4689 2.697
"2009-10-02" 3.122 3.2188 2.4 1680.7 5467.9 68.07 1.4576 2.78
"2009-10-09" 3.204 3.3802 2.388 1757.6 5711.88 70 1.4732 2.765
"2009-10-16" 3.286 3.4115 2.357 1784.35 5743.39 76.99 1.4905 2.724
"2009-10-23" 3.348 3.49 2.347 1771.5 5740.25 78.92 1.5008 2.632
"2009-10-30" 3.231 3.3828 2.336 1700.67 5414.96 75.2 1.4719 2.63
"2009-11-06" 3.364 3.4971 2.356 1756.07 5488.25 75.87 1.4847 2.676
"2009-11-13" 3.381 3.4177 2.332 1796.93 5686.83 75.55 1.4903 2.619
"2009-11-20" 3.254 3.3656 2.325 1794.65 5663.15 77.2 1.4862 2.605
"2009-11-27" 3.168 3.2051 2.342 1795.7 5685.61 77.18 1.4988 2.6405
"2009-12-04" 3.238 3.4722 2.3825 1820.11 5817.65 77.52 1.4858 2.6595
"2009-12-11" 3.209 3.5498 2.393 1821.8 5756.29 71.88 1.4615 2.677
"2009-12-18" 3.137 3.5368 2.417 1815.5 5831.21 73.75 1.4338 2.6935
"2009-12-25" 3.315 3.803 2.45 1855.5 5957.44 76.31 1.4411 2.745
"2010-01-01" 3.387 3.835 2.4425 1837.5 5957.43 77.93 1.4324 2.735
"2010-01-08" 3.385 3.8297 2.467 1887.77 6037.61 81.37 1.4409 2.729
"2010-01-15" 3.262 3.6744 2.368 1873.3 5875.97 77.11 1.4387 2.633
"2010-01-22" 3.215 3.6071 2.311 1800.61 5695.32 72.83 1.4139 2.575
"2010-01-29" 3.196 3.5844 2.2982 1771.4 5608.79 71.46 1.3863 2.7014
"2010-02-05" 3.12 3.5654 2.1925 1759.38 5434.34 69.59 1.3678 2.5725
"2010-02-12" 3.192 3.6928 2.205 1776.5 5500.39 72.9 1.3632 2.553
"2010-02-19" 3.285 3.7726 2.208 1833.09 5722.05 78.19 1.3613 2.554
"2010-02-26" 3.101 3.6117 2.183 1826.27 5598.46 77.59 1.3631 2.545
"2010-03-05" 3.156 3.6796 2.26 1883.28 5877.36 79.89 1.3626 2.65
"2010-03-12" 3.167 3.7006 2.214 1903.29 5945.11 79.39 1.3769 2.5832
"2010-03-19" 3.109 3.6892 2.176 1919.8 5982.43 79.88 1.353 2.533
"2010-03-26" 3.15 3.8468 2.177 1931.18 6120.05 79.29 1.341 2.517
"2010-04-02" 3.088 3.9446 2.205 1950.91 6235.56 84.01 1.3504 2.48
"2010-04-09" 3.166 3.8825 2.18 1978.86 6249.7 84.83 1.35 2.403
"2010-04-16" 3.084 3.7626 2.155 1975.36 6180.9 85.99 1.3503 2.38
"2010-04-23" 3.061 3.8092 2.19 2017.19 6259.53 87.25 1.3384 2.435
"2010-04-30" 3.017 3.6532 2.152 1967.05 6135.7 87.44 1.3294 2.448
"2010-05-07" 2.797 3.4255 2.101 1842.32 5715.09 78.27 1.2755 2.468
"2010-05-14" 2.86 3.4534 2.16 1884.67 6056.71 77.18 1.2358 2.5325
"2010-05-21" 2.666 3.2379 2.042 1806.05 5829.25 71.68 1.257 2.39
"2010-05-28" 2.682 3.2922 1.987 1809.98 5946.18 74.02 1.2273 2.3355
"2010-06-04" 2.584 3.2023 2.012 1769.72 5938.88 72.09 1.1967 2.381
"2010-06-11" 2.566 3.2346 1.967 1815.26 6047.83 74.35 1.2112 2.315
"2010-06-18" 2.729 3.2195 1.94 1858.7 6216.98 78.22 1.2388 2.262
"2010-06-25" 2.611 3.1078 1.895 1791.24 6070.6 78.12 1.2369 2.198
"2010-07-02" 2.583 2.977 1.885 1701.86 5834.15 71.65 1.2566 2.2
"2010-07-09" 2.634 3.052 1.85 1794.94 6065.24 75.42 1.2641 2.15
"2010-07-16" 2.606 2.9215 1.819 1773.43 6040.27 75.37 1.293 2.124
"2010-07-23" 2.706 2.9943 1.775 1836.75 6166.34 77.45 1.2909 2.115
"2010-07-30" 2.669 2.9052 1.813 1835.4 6147.97 78.18 1.3052 2.153
"2010-08-06" 2.519 2.8166 1.835 1869.77 6259.63 80.16 1.328 2.16
"2010-08-13" 2.393 2.6716 1.8 1800.39 6110.41 75.11 1.2754 2.102
"2010-08-20" 2.267 2.6106 1.689 1788.67 6005.16 74.26 1.2712 1.993
"2010-08-27" 2.2 2.6447 1.685 1777.6 5951.17 76.65 1.2763 1.97
"2010-09-03" 2.354 2.697 1.8588 1845.1 6134.62 76.67 1.2896 2.1746
"2010-09-10" 2.4 2.7917 1.815 1854.1 6214.77 78.16 1.2679 2.045
"2010-09-17" 2.427 2.7372 1.804 1881.93 6209.76 78.21 1.305 2.052
"2010-09-24" 2.342 2.605 1.81 1920.84 6298.3 78.87 1.3492 1.995
"2010-10-01" 2.285 2.5097 1.77 1917.42 6211.34 83.75 1.3791 1.915
"2010-10-08" 2.254 2.392 1.78 1950.18 6291.67 84.03 1.3939 2.01
"2010-10-15" 2.371 2.5597 1.877 1968.87 6492.3 82.45 1.3977 2.134
"2010-10-22" 2.474 2.5541 1.885 1980.83 6605.84 82.96 1.3954 2.155
"2010-10-29" 2.518 2.5993 1.895 1981.59 6601.37 83.15 1.3947 2.143
"2010-11-05" 2.417 2.5304 1.87 2053.77 6754.2 88.11 1.4032 2.133
"2010-11-12" 2.512 2.7871 1.873 2010.57 6734.61 86.34 1.3691 2.163
"2010-11-19" 2.703 2.8713 1.835 2012.59 6843.55 84.34 1.3673 2.0945
"2010-11-26" 2.734 2.8663 1.859 1996.03 6848.98 85.58 1.3242 2.103
"2010-12-03" 2.857 3.0055 1.945 2056.4 6947.72 91.42 1.3414 2.191
"2010-12-10" 2.954 3.319 1.985 2083.57 7006.17 90.48 1.3226 2.249
"2010-12-17" 3.029 3.3279 2.025 2089.95 6982.45 91.67 1.3188 2.28
"2010-12-24" 2.982 3.3933 2.03 2112.37 7057.69 93.77 1.3122 2.265
"2010-12-31" 2.963 3.2935 2.035 2114.29 6914.19 94.75 1.3384 2.31
"2011-01-07" 2.869 3.3237 2.065 2138.81 6947.84 93.33 1.2907 2.256
"2011-01-14" 3.028 3.3231 2.08 2175.68 7075.7 98.68 1.3388 2.215
"2011-01-21" 3.176 3.4042 2.115 2159.43 7062.42 97.6 1.3621 2.255
"2011-01-28" 3.148 3.3214 2.11 2147.95 7102.8 99.42 1.3611 2.3025
"2011-02-04" 3.261 3.6356 2.22 2206.8 7216.21 99.83 1.3581 2.418
"2011-02-11" 3.294 3.6288 2.1525 2239.08 7371.2 101.43 1.3554 2.295
"2011-02-18" 3.254 3.5799 2.2225 2263.79 7426.81 102.52 1.3693 2.3775
"2011-02-25" 3.152 3.4125 2.2345 2226.05 7185.17 112.14 1.3754 2.286
"2011-03-04" 3.273 3.49 2.25 2228.78 7178.9 115.97 1.3987 2.32
"2011-03-11" 3.214 3.4025 2.21 2201.81 6981.49 113.84 1.3903 2.277
"2011-03-18" 3.188 3.2678 2.2 2159.69 6664.4 113.93 1.4182 2.251
"2011-03-25" 3.28 3.4388 2.255 2218.42 6946.36 115.59 1.4088 2.317
"2011-04-01" 3.372 3.4422 2.39 2250.58 7179.81 118.7 1.4237 2.434
"2011-04-08" 3.481 3.5772 2.4 2244.74 7217.02 126.65 1.4483 2.454
"2011-04-15" 3.378 3.4079 2.363 2230.71 7178.29 123.45 1.443 2.408
"2011-04-22" 3.26 3.3907 2.297 2260.84 7295.49 123.99 1.4561 2.344
"2011-04-29" 3.239 3.2863 2.3 2305.76 7514.46 125.89 1.4807 2.335
"2011-05-06" 3.17 3.1459 2.345 2266.97 7492.25 109.13 1.4316 2.4
"2011-05-13" 3.077 3.1709 2.3675 2264.52 7403.31 113.83 1.4119 2.525
"2011-05-20" 3.057 3.1451 2.3075 2258.21 7266.82 112.39 1.4161 2.435
"2011-05-27" 2.985 3.0735 2.265 2255.74 7163.47 115.03 1.4319 2.377
"2011-06-03" 3.058 2.9859 2.1925 2203.81 7109.03 115.84 1.4635 2.3575
"2011-06-10" 2.962 2.9693 2.115 2155 7069.9 118.78 1.4347 2.27
"2011-06-17" 2.959 2.9445 2.0525 2157.14 7164.05 113.21 1.4306 2.245
"2011-06-24" 2.834 2.8636 2.09 2152.31 7121.38 105.12 1.4188 2.297
"2011-07-01" 3.034 3.1823 2.25 2274.26 7419.44 111.77 1.4526 2.48
"2011-07-08" 2.829 3.0268 2.214 2282.32 7402.73 118.33 1.4265 2.409
"2011-07-15" 2.695 2.9058 2.2 2235.65 7220.12 117.26 1.4157 2.41
"2011-07-22" 2.828 2.9621 2.275 2285.34 7326.39 118.67 1.436 2.45
"2011-07-29" 2.538 2.7961 2.24 2196.08 7158.77 116.74 1.4398 2.495
"2011-08-05" 2.346 2.5585 2.125 2039.04 6236.16 109.37 1.4282 2.325
"2011-08-12" 2.333 2.2548 2.185 2005.67 5997.74 108.03 1.4248 2.426
"2011-08-19" 2.105 2.0623 2.01 1912.77 5480 108.62 1.4397 2.25
"2011-08-26" 2.157 2.1899 1.995 2004.11 5537.48 111.36 1.4499 2.1795
"2011-09-02" 2.008 1.9857 1.99 2000.5 5538.33 112.33 1.4205 2.15
"2011-09-09" 1.772 1.9183 1.91 1967.47 5189.93 112.77 1.3656 2.064
"2011-09-16" 1.863 2.0479 1.925 2074.06 5573.51 112.22 1.3796 2.106
"2011-09-23" 1.747 1.8334 1.82 1938.73 5196.56 103.97 1.35 2.028
"2011-09-30" 1.887 1.9154 1.866 1930.79 5502.02 102.76 1.3387 2.062
"2011-10-07" 2.002 2.0764 1.84 1973.42 5675.7 105.88 1.3378 1.995
"2011-10-14" 2.199 2.2477 1.895 2091.99 5967.2 114.68 1.3882 2.003
"2011-10-21" 2.106 2.2192 1.96 2115.86 5970.96 109.56 1.3896 2.078
"2011-10-28" 2.179 2.3167 2.02 2196.13 6346.19 109.91 1.4147 2.162
"2011-11-04" 1.823 2.0327 2.01 2142.34 5966.16 111.97 1.3792 2.195
"2011-11-11" 1.888 2.0564 1.99 2162.48 6057.03 114.16 1.375 2.18
"2011-11-18" 1.967 2.0104 1.905 2081.42 5800.24 107.56 1.3525 2.105
"2011-11-25" 2.263 1.9635 1.94 1984.5 5492.87 106.4 1.3239 2.195
"2011-12-02" 2.135 2.0331 2.11 2132.64 6080.68 109.94 1.3391 2.37
"2011-12-09" 2.149 2.0611 2.09 2152.15 5986.71 108.62 1.3386 2.269
"2011-12-16" 1.852 1.8474 2.1 2092.18 5701.78 103.35 1.3046 2.28
"2011-12-23" 1.96 2.0244 2.17 2171.5 5878.93 107.96 1.3044 2.36
"2011-12-30" 1.829 1.8762 2.17 2158.94 5898.35 107.38 1.2961 2.348
"2012-01-06" 1.854 1.9578 2.1 2194.98 6057.92 113.06 1.2717 2.281
"2012-01-13" 1.765 1.8636 2.14 2214.73 6143.08 110.44 1.268 2.328
"2012-01-20" 1.929 2.0246 2.32 2260.37 6404.39 109.86 1.2931 2.552
"2012-01-27" 1.858 1.891 2.32 2262.35 6511.98 111.46 1.322 2.57
"2012-02-03" 1.933 1.9224 2.295 2312.49 6766.67 114.58 1.3158 2.615
"2012-02-10" 1.907 1.9862 2.295 2309.6 6692.96 117.31 1.3197 2.61
"2012-02-17" 1.925 2.0017 2.225 2343.67 6848.03 119.58 1.314 2.505
"2012-02-24" 1.884 1.9757 2.21 2352.34 6864.43 125.47 1.3448 2.5
"2012-03-02" 1.8 1.9739 2.131 2360.28 6921.37 123.65 1.3198 2.349
"2012-03-09" 1.794 2.0279 2.135 2363.56 6880.21 125.98 1.3123 2.391
"2012-03-16" 2.05 2.294 2.18 2422.09 7157.82 125.81 1.3175 2.415
"2012-03-23" 1.865 2.2317 2.1188 2410.16 6995.62 125.13 1.327 2.3156
"2012-03-30" 1.794 2.2088 2.139 2430.67 6946.83 122.88 1.3343 2.372
"2012-04-06" 1.735 2.0545 2.123 2414.4 6775.26 123.43 1.3096 2.331
"2012-04-13" 1.735 1.9823 2.13 2366.84 6583.9 121.83 1.3078 2.347
"2012-04-20" 1.709 1.9629 2.12 2381.32 6750.12 118.76 1.3219 2.363
"2012-04-27" 1.699 1.9348 2.115 2424.78 6801.32 119.83 1.3255 2.405
"2012-05-04" 1.584 1.8786 2.125 2366.39 6561.47 113.18 1.3084 2.405
"2012-05-11" 1.516 1.8376 2.08 2341.23 6579.93 112.26 1.2917 2.375
"2012-05-18" 1.426 1.7226 2 2242.25 6271.22 107.14 1.278 2.29
"2012-05-25" 1.37 1.738 1.915 2281.92 6339.94 106.83 1.2517 2.22
"2012-06-01" 1.172 1.452 1.715 2214.41 6050.29 98.43 1.2434 2.08
"2012-06-08" 1.329 1.6353 1.83 2297.82 6130.82 99.47 1.2517 2.205
"2012-06-15" 1.437 1.5773 1.91 2328.66 6229.41 97.61 1.2638 2.265
"2012-06-22" 1.581 1.6742 1.845 2315.65 6263.25 90.98 1.257 2.208
"2012-06-29" 1.583 1.6449 1.823 2363.79 6416.28 97.8 1.2667 2.217
"2012-07-06" 1.327 1.5491 1.76 2352.34 6410.11 98.19 1.2291 2.1
"2012-07-13" 1.26 1.4876 1.825 2356.4 6557.1 102.4 1.2249 2.18
"2012-07-20" 1.167 1.4567 1.85 2367.26 6630.02 106.83 1.2157 2.195
"2012-07-27" 1.398 1.5463 1.865 2408.07 6689.4 106.47 1.2322 2.237
"2012-08-03" 1.424 1.5631 1.985 2417.77 6865.66 108.94 1.2387 2.327
"2012-08-10" 1.385 1.6573 2.05 2445.64 6944.56 112.95 1.2289 2.375
"2012-08-17" 1.496 1.8105 2.07 2469 7040.88 113.71 1.2334 2.39
"2012-08-24" 1.355 1.6865 2.015 2457.4 6971.07 113.59 1.2512 2.33
"2012-08-31" 1.334 1.5484 2.035 2450.6 6970.79 114.57 1.2579 2.32
"2012-09-07" 1.519 1.6678 2.095 2506.37 7214.5 114.25 1.2816 2.38
"2012-09-14" 1.706 1.866 2.115 2556.13 7412.13 116.66 1.313 2.395
"2012-09-21" 1.596 1.7528 2.115 2546.92 7451.62 111.42 1.298 2.402
"2012-09-28" 1.442 1.6335 2.067 2513.93 7216.15 112.39 1.286 2.333
"2012-10-05" 1.52 1.7428 2.09 2551.03 7397.87 112.02 1.3045 2.333
"2012-10-12" 1.445 1.656 2.08 2495.28 7232.49 114.62 1.2951 2.3
"2012-10-19" 1.594 1.7633 2.067 2503.8 7380.64 110.14 1.3024 2.28
"2012-10-26" 1.537 1.7451 2.04 2466.8 7231.85 109.55 1.2938 2.273
"2012-11-02" 1.45 1.7147 2.028 2471.3 7363.85 105.68 1.2835 2.275
"2012-11-09" 1.348 1.6063 1.987 2413.92 7163.5 109.4 1.2714 2.239
"2012-11-16" 1.331 1.58 2.004 2381.02 6950.53 108.95 1.2743 2.254
"2012-11-23" 1.436 1.6899 2.045 2468.06 7309.13 111.38 1.2976 2.281
"2012-11-30" 1.386 1.6156 1.983 2481.82 7405.5 111.23 1.2986 2.209
"2012-12-07" 1.295 1.6215 1.95 2486.84 7517.8 107.02 1.2927 2.202
"2012-12-14" 1.348 1.7015 1.955 2480.36 7596.47 109.15 1.3163 2.232
"2012-12-21" 1.376 1.7623 1.991 2510.32 7636.23 108.97 1.3188 2.24
"2012-12-28" 1.31 1.7009 1.991 2462.71 7612.39 110.62 1.3216 2.24
"2013-01-04" 1.536 1.8991 2.055 2575.66 7776.37 111.31 1.3069 2.287
"2013-01-11" 1.583 1.8677 2.04 2586.69 7715.53 110.64 1.3343 2.25
"2013-01-18" 1.555 1.8416 2.017 2611.54 7702.23 111.89 1.3321 2.256
"2013-01-25" 1.636 1.9487 2.005 2641.64 7857.97 113.28 1.3464 2.297
"2013-02-01" 1.672 2.0149 2.06 2660.7 7833.39 116.76 1.364 2.35
"2013-02-08" 1.609 1.9499 2.089 2670.85 7652.14 118.9 1.3365 2.383
"2013-02-15" 1.652 2.0017 2.058 2676.21 7593.51 117.66 1.336 2.345
"2013-02-22" 1.568 1.9619 2.03 2670.36 7661.91 114.1 1.3194 2.32
"2013-03-01" 1.41 1.8412 1.9825 2676.18 7708.16 110.4 1.3022 2.2775
"2013-03-08" 1.525 2.0427 2.01 2735.67 7986.47 110.85 1.3005 2.31
"2013-03-15" 1.455 1.9895 1.9825 2753.82 8042.85 109.82 1.3076 2.2925
"2013-03-22" 1.379 1.925 1.9675 2747.25 7911.35 107.66 1.2989 2.2787
"2013-03-29" 1.289 1.8486 1.95 2770.05 7795.31 110.02 1.2819 2.2652
"2013-04-05" 1.212 1.7128 1.985 2742.86 7658.75 104.12 1.2991 2.2737
"2013-04-12" 1.26 1.7208 1.9675 2807.1 7744.77 103.11 1.3113 2.2787
"2013-04-19" 1.251 1.7049 1.885 2747.94 7459.96 99.65 1.3052 2.225
"2013-04-26" 1.206 1.6633 1.96 2796.24 7814.76 103.16 1.303 2.295
"2013-05-03" 1.24 1.7382 1.915 2853.88 8122.29 104.19 1.3114 2.3025
"2013-05-10" 1.38 1.8973 1.9 2890.77 8278.59 103.91 1.2989 2.2837
"2013-05-17" 1.326 1.9506 1.88 2952.56 8398 104.64 1.2839 2.255
"2013-05-24" 1.431 2.0081 1.905 2921.88 8305.32 102.64 1.2932 2.2662
"2013-05-31" 1.505 2.1282 1.91 2889.46 8348.84 100.39 1.2999 2.28
"2013-06-07" 1.546 2.1718 1.8825 2913.46 8254.68 104.56 1.3218 2.2525
"2013-06-14" 1.514 2.1295 1.835 2885.24 8127.96 105.93 1.3347 2.2102
"2013-06-21" 1.725 2.531 1.805 2824.97 7789.24 100.91 1.3122 2.1636
"2013-06-28" 1.728 2.4857 1.825 2850.66 7959.22 102.16 1.301 2.2195
"2013-07-05" 1.719 2.7391 1.975 2897.12 7806 107.72 1.2829 2.325
"2013-07-12" 1.56 2.5821 1.883 2984.24 8212.77 108.81 1.3067 2.2412
"2013-07-19" 1.519 2.4839 1.885 3006.13 8331.57 108.07 1.3143 2.2246
"2013-07-26" 1.665 2.5624 1.863 3005.51 8244.91 107.17 1.3279 2.2061
"2013-08-02" 1.651 2.596 1.875 3038.63 8406.94 108.95 1.3276 2.2228
"2013-08-09" 1.68 2.5784 1.88 3008.79 8338.31 108.22 1.3342 2.2198
"2013-08-16" 1.881 2.8251 1.925 2947.46 8391.94 110.4 1.3329 2.266
"2013-08-23" 1.935 2.8146 1.93 2962.06 8416.99 111.04 1.3383 2.2793
"2013-08-30" 1.856 2.7839 1.887 2908.96 8103.15 114.01 1.3222 2.233
"2013-09-06" 1.95 2.9342 1.9 2949.8 8275.67 116.12 1.3178 2.2663
"2013-09-13" 1.976 2.8846 1.87 3009.79 8509.42 112.78 1.3294 2.2294
"2013-09-20" 1.943 2.7337 1.872 3049.47 8675.73 109.22 1.3524 2.2354
"2013-09-27" 1.778 2.6245 1.845 3018.24 8661.51 108.63 1.3522 2.22
"2013-10-04" 1.841 2.6447 1.865 3017.05 8622.97 109.46 1.3558 2.2495
"2013-10-11" 1.864 2.6871 1.86 3041.43 8724.83 111.28 1.3544 2.255
"2013-10-18" 1.831 2.5777 1.85 3115.77 8865.1 109.94 1.3687 2.2472
"2013-10-25" 1.755 2.5088 1.852 3143.16 8985.74 106.93 1.3802 2.2539
"2013-11-01" 1.691 2.6218 1.79 3147.21 9007.83 105.91 1.3487 2.2404
"2013-11-08" 1.757 2.7477 1.778 3166.11 9078.28 105.12 1.3367 2.2015
"2013-11-15" 1.706 2.7033 1.75 3217.2 9168.69 108.5 1.3496 2.1436
"2013-11-22" 1.746 2.7427 1.745 3230.54 9219.04 111.05 1.3558 2.1594
"2013-11-29" 1.693 2.7445 1.733 3233.72 9405.3 109.69 1.3591 2.161
"2013-12-06" 1.842 2.8553 1.738 3233.99 9172.41 111.61 1.3706 2.1758
"2013-12-13" 1.828 2.8646 1.735 3182.07 9006.46 108.83 1.3742 2.1689
"2013-12-20" 1.87 2.8886 1.748 3259.79 9400.18 111.77 1.3673 2.2018
"2013-12-27" 1.956 3 1.748 3302.66 9589.39 112.18 1.3749 2.1988
"2014-01-03" 1.944 2.9948 1.775 3285.68 9435.15 106.89 1.3589 2.2034
"2014-01-10" 1.843 2.8579 1.79 3306.49 9473.24 107.25 1.367 2.2005
"2014-01-17" 1.753 2.8194 1.7675 3300.51 9742.96 106.48 1.3541 2.1825
"2014-01-24" 1.658 2.715 1.735 3214.13 9392.02 107.88 1.3678 2.1399
"2014-01-31" 1.659 2.644 1.695 3200.95 9306.48 106.4 1.3486 2.115
"2014-02-07" 1.661 2.6829 1.685 3229.64 9301.92 109.57 1.3635 2.1554
"2014-02-14" 1.679 2.7428 1.678 3306.92 9662.4 109.08 1.3693 2.163
"2014-02-21" 1.662 2.731 1.688 3304.36 9656.95 109.85 1.3746 2.128
"2014-02-28" 1.624 2.6476 1.685 3347.38 9692.08 109.07 1.3802 2.1288
"2014-03-07" 1.653 2.7879 1.689 3382.57 9350.75 109 1.3875 2.135
"2014-03-14" 1.546 2.6543 1.638 3317.81 9056.41 108.57 1.3914 2.079
"2014-03-21" 1.631 2.7426 1.635 3363.72 9342.94 106.92 1.3794 2.087
"2014-03-28" 1.548 2.7208 1.6225 3348.83 9587.19 108.07 1.3752 2.0975
"2014-04-04" 1.553 2.7207 1.685 3363.41 9695.77 106.72 1.3705 2.1139
"2014-04-11" 1.504 2.6247 1.658 3276.04 9315.29 107.33 1.3885 2.0892
"2014-04-18" 1.515 2.7215 1.655 3365 9409.71 109.53 1.3813 2.0924
"2014-04-25" 1.484 2.6623 1.65 3362.95 9401.55 109.58 1.3834 2.075
"2014-05-02" 1.449 2.5843 1.6595 3395.61 9556.02 108.59 1.3869 2.084
"2014-05-09" 1.455 2.6233 1.645 3394.05 9581.45 107.89 1.3758 2.061
"2014-05-16" 1.33 2.5231 1.65 3395.21 9629.1 109.75 1.3694 2.072
"2014-05-23" 1.413 2.532 1.65 3437.58 9768.01 110.54 1.3629 2.055
"2014-05-30" 1.358 2.4759 1.653 3480.29 9943.27 109.41 1.3635 2.048
"2014-06-06" 1.353 2.5869 1.695 3528.98 9987.19 108.61 1.3643 2.12
"2014-06-13" 1.363 2.6033 1.69 3506.58 9912.87 113.41 1.354 2.1091
"2014-06-20" 1.343 2.6052 1.678 3555.6 9987.24 114.81 1.36 2.1005
"2014-06-27" 1.262 2.534 1.678 3553.35 9815.17 113.3 1.3649 2.1135
"2014-07-04" 1.265 2.6383 1.685 3598.73 10009.08 110.64 1.3595 2.1181
"2014-07-11" 1.203 2.516 1.6675 3568.08 9666.34 106.66 1.3608 2.1075
"2014-07-18" 1.155 2.4809 1.658 3588.21 9720.02 107.24 1.3524 2.0906
"2014-07-25" 1.147 2.4655 1.665 3588.68 9644.01 108.39 1.343 2.112
"2014-08-01" 1.131 2.4925 1.65 3493.18 9210.08 104.84 1.3427 2.112
"2014-08-08" 1.053 2.4203 1.563 3507.21 9009.32 105.02 1.341 2.048
"2014-08-15" 0.953 2.3397 1.458 3552.17 9092.6 103.53 1.3401 1.968
"2014-08-22" 0.982 2.4024 1.473 3614.5 9339.17 102.29 1.3242 1.953
"2014-08-29" 0.89 2.3431 1.545 3643.34 9470.17 103.19 1.3132 2.0125
"2014-09-05" 0.928 2.4587 1.595 3652.26 9747.02 100.82 1.2951 2.03
"2014-09-12" 1.082 2.6105 1.548 3614.06 9651.13 97.11 1.2963 1.974
"2014-09-19" 1.043 2.5745 1.494 3660.03 9799.26 98.39 1.2829 1.909
"2014-09-26" 0.972 2.5276 1.508 3610.98 9490.55 97 1.2684 1.923
"2014-10-03" 0.925 2.434 1.4625 3584.94 9195.68 92.31 1.2516 1.9
"2014-10-10" 0.887 2.2804 1.385 3474.23 8788.81 90.21 1.2628 1.8425
"2014-10-17" 0.859 2.1936 1.3575 3439.39 8850.27 86.16 1.2761 1.805
"2014-10-24" 0.892 2.2685 1.39 3581.82 8987.8 86.13 1.2671 1.8025
"2014-10-31" 0.841 2.3353 1.3975 3679.99 9326.87 85.86 1.2525 1.8325
"2014-11-07" 0.817 2.2976 1.4325 3708.46 9291.83 83.39 1.2455 1.8675
"2014-11-14" 0.785 2.3204 1.38 3724.92 9252.94 79.41 1.2525 1.8475
"2014-11-21" 0.77 2.3099 1.3425 3770.03 9732.55 80.36 1.2391 1.757
"2014-11-28" 0.7 2.164 1.305 3778.96 9980.85 70.15 1.2452 1.7605
"2014-12-05" 0.78 2.3065 1.3275 3794.68 10087.12 69.07 1.2283 1.8
"2014-12-12" 0.624 2.0817 1.17 3663.1 9594.73 61.85 1.2462 1.6925
"2014-12-19" 0.592 2.1618 1.13 3788.97 9786.96 61.38 1.2229 1.7075
"2014-12-26" 0.589 2.2499 1.18 3823 9922.11 59.45 1.2183 1.74
"2015-01-02" 0.498 2.1105 1.14 3768.68 9764.73 56.42 1.2002 1.6875
"2015-01-09" 0.492 1.9449 1.005 3745.67 9648.5 50.11 1.1842 1.5215
"2015-01-16" 0.454 1.8368 1.04 3699.79 10167.77 50.17 1.1567 1.5425
"2015-01-23" 0.362 1.7968 1.215 3759.76 10649.58 48.79 1.1204 1.6655
"2015-01-30" 0.302 1.6407 1.1225 3656.28 10694.32 52.99 1.1291 1.575
"2015-02-06" 0.375 1.9567 1.1925 3770.2 10846.39 57.8 1.1316 1.6145
"2015-02-13" 0.342 2.0504 1.15 3849.29 10963.4 61.52 1.1394 1.5815
"2015-02-20" 0.367 2.1117 1.1675 3875.6 11050.64 60.22 1.1381 1.6025
"2015-02-27" 0.328 1.993 1.185 3866.42 11401.66 62.58 1.1196 1.6175
"2015-03-06" 0.393 2.2414 1.3475 3807.04 11550.97 59.73 1.0844 1.739
"2015-03-13" 0.257 2.114 1.355 3776.44 11901.61 54.67 1.0496 1.739
"2015-03-20" 0.184 1.9303 1.36 3877.26 12039.37 55.32 1.0821 1.76
"2015-03-27" 0.207 1.9615 1.315 3791.9 11868.33 56.41 1.0889 1.649
"2015-04-03" 0.194 1.8389 1.3875 3804.14 11967.39 54.95 1.0969 1.6634
"2015-04-10" 0.155 1.9473 1.4125 3870.31 12374.73 57.87 1.0604 1.6625
"2015-04-17" 0.078 1.8653 1.45 3832.33 11688.7 63.45 1.0806 1.6925
"2015-04-24" 0.155 1.9086 1.445 3900.24 11810.85 65.28 1.0873 1.6885
"2015-05-01" 0.373 2.1135 1.4725 3883.75 11454.38 66.46 1.1199 1.7725
"2015-05-08" 0.547 2.1478 1.455 3901.01 11709.73 65.39 1.1199 1.785
"2015-05-15" 0.624 2.1424 1.47 3915.99 11447.03 66.81 1.1451 1.822
"2015-05-22" 0.604 2.2092 1.435 3924.16 11815.01 65.37 1.1013 1.77
"2015-05-29" 0.487 2.1214 1.3975 3891.18 11413.82 65.56 1.0986 1.722
"2015-06-05" 0.844 2.4076 1.46 3865.83 11197.15 63.31 1.1114 1.77
"2015-06-12" 0.834 2.3918 1.5075 3870.56 11196.49 63.87 1.1266 1.8
"2015-06-19" 0.752 2.2577 1.4925 3900.64 11040.1 63.02 1.1352 1.7825
"2015-06-26" 0.922 2.4726 1.55 3886.21 11492.43 63.26 1.1167 1.842
"2015-07-03" 0.791 2.3823 1.5375 3842.06 11058.39 60.32 1.1114 1.828
"2015-07-10" 0.898 2.3972 1.4675 3843.1 11315.63 58.73 1.1162 1.811
"2015-07-17" 0.788 2.3469 1.4575 3936.22 11673.42 57.1 1.083 1.8175
"2015-07-24" 0.691 2.2624 1.395 3850.15 11347.45 54.62 1.0984 1.7675
"2015-07-31" 0.644 2.1801 1.4 3895.8 11308.99 52.21 1.0984 1.77
"2015-08-07" 0.661 2.1623 1.335 3849.96 11490.83 48.61 1.0967 1.7325
"2015-08-14" 0.66 2.1977 1.265 3878.16 10985.14 49.03 1.1109 1.662
"2015-08-21" 0.564 2.0365 1.18 3656.67 10124.52 45.46 1.1386 1.6315
"2015-08-28" 0.742 2.1806 1.23 3691.3 10298.53 50.05 1.1185 1.659
"2015-09-04" 0.668 2.1244 1.26 3567.41 10038.04 49.61 1.1149 1.6925
"2015-09-11" 0.653 2.1883 1.235 3643.54 10123.56 48.14 1.1338 1.677
"2015-09-18" 0.663 2.1336 1.24 3638.99 9916.16 47.47 1.1298 1.6775
"2015-09-25" 0.649 2.1623 1.2275 3589.71 9688.53 48.6 1.1195 1.625
"2015-10-02" 0.51 1.9929 1.2075 3629.04 9553.07 48.13 1.1216 1.58
"2015-10-09" 0.615 2.0881 1.275 3748.96 10096.6 52.65 1.1358 1.642
"2015-10-16" 0.548 2.0334 1.2825 3783.64 10104.43 50.46 1.1348 1.6775
"2015-10-23" 0.512 2.0866 1.345 3862.65 10794.54 47.99 1.1018 1.7325
"2015-10-30" 0.517 2.1421 1.33 3871.33 10850.14 49.56 1.1006 1.715
"2015-11-06" 0.693 2.3252 1.38 3910.98 10988.03 47.42 1.0741 1.735
"2015-11-13" 0.558 2.2658 1.3725 3771.59 10708.4 43.61 1.0773 1.745
"2015-11-20" 0.479 2.2623 1.335 3897.45 11119.83 44.66 1.0646 1.7
"2015-11-27" 0.46 2.2201 1.385 3900.74 11293.76 44.86 1.0593 1.7562
"2015-12-04" 0.678 2.2693 1.3425 3905.31 10752.1 43 1.0881 1.69
"2015-12-11" 0.54 2.127 1.3075 3759.09 10340.06 37.93 1.0986 1.703
"2015-12-18" 0.548 2.204 1.2825 3747.56 10608.19 36.88 1.0868 1.681
"2015-12-25" 0.641 2.241 1.2645 3852.31 10727.64 37.89 1.096 1.6509
"2016-01-01" 0.629 2.2694 1.285 3821.6 10743.01 37.28 1.0856 1.6825
"2016-01-08" 0.514 2.1156 1.23 3595.91 9849.34 33.55 1.0922 1.6525
"2016-01-15" 0.472 2.0347 1.155 3518.51 9545.27 28.94 1.0916 1.582
"2016-01-22" 0.484 2.0519 1.15 3568.9 9764.88 32.18 1.0796 1.566
"2016-01-29" 0.325 1.9209 1.15 3631.96 9798.11 34.74 1.0831 1.515
"2016-02-05" 0.296 1.8357 1.138 3521.6 9286.23 34.06 1.1158 1.5205
"2016-02-12" 0.261 1.7481 1.0355 3496.28 8967.51 33.36 1.1256 1.425
"2016-02-19" 0.202 1.7449 1.04 3597.92 9388.05 33.01 1.113 1.43
"2016-02-26" 0.147 1.7623 1.018 3656.42 9513.3 35.1 1.0934 1.38
"2016-03-04" 0.238 1.8741 1.1375 3755.47 9824.17 38.72 1.1005 1.5025
"2016-03-11" 0.271 1.9839 1.12 3800.07 9831.13 40.39 1.1156 1.5
"2016-03-18" 0.212 1.8732 1.083 3852.15 9950.8 41.2 1.127 1.4588
"2016-03-25" 0.18 1.9 1.042 3827.14 9851.35 40.44 1.1167 1.4313
"2016-04-01" 0.134 1.7705 1.063 3897.66 9794.64 38.67 1.1391 1.411
"2016-04-08" 0.095 1.7167 1.093 3852.72 9622.26 41.94 1.1399 1.441
"2016-04-15" 0.127 1.7518 1.075 3916.17 10051.57 43.1 1.1284 1.402
"2016-04-22" 0.231 1.8878 1.0855 3937 10373.49 45.11 1.1222 1.3879
"2016-04-29" 0.271 1.8333 1.163 3888.13 10038.97 48.13 1.1451 1.471
"2016-05-06" 0.144 1.7789 1.17 3875.18 9869.95 45.37 1.1404 1.4635
"2016-05-13" 0.124 1.7001 1.173 3858.17 9952.9 47.83 1.1309 1.478
"2016-05-20" 0.165 1.8384 1.17 3871.75 9916.02 48.72 1.1224 1.48
"2016-05-27" 0.138 1.851 1.18 3961.67 10286.31 49.32 1.1115 1.477
"2016-06-03" 0.068 1.7004 1.14 3963.23 10103.26 49.64 1.1367 1.461
"2016-06-10" 0.02 1.6404 1.1 3958.68 9834.62 50.54 1.1251 1.375
"2016-06-17" 0.019 1.6078 1.075 3914.15 9631.36 49.17 1.1277 1.357
"2016-06-24" -0.047 1.5599 1.025 3850.7 9557.16 48.41 1.1117 1.312
"2016-07-01" -0.126 1.4441 1.04 3976.68 9776.12 50.35 1.1136 1.312
"2016-07-08" -0.189 1.3579 0.968 4029.75 9629.66 46.76 1.1051 1.253
"2016-07-15" 0.006 1.5509 1.07 4090.49 10066.9 47.61 1.1035 1.36
"2016-07-22" -0.03 1.5663 1.034 4116.5 10147.46 45.69 1.0977 1.314
"2016-07-29" -0.119 1.4531 1.06 4114.51 10337.5 42.46 1.1174 1.3396
"2016-08-05" -0.067 1.5885 1.025 4134.56 10367.21 44.27 1.1086 1.3325
"2016-08-12" -0.108 1.5135 1.045 4139.63 10713.43 46.97 1.1162 1.325
"2016-08-19" -0.032 1.5781 1.051 4142.23 10544.36 50.88 1.1325 1.314
"2016-08-26" -0.072 1.6296 1.053 4114.68 10587.77 49.92 1.1198 1.3069
"2016-09-02" -0.043 1.6024 1.0275 4137.7 10683.82 46.83 1.1156 1.287
"2016-09-09" 0.011 1.6749 1.07 4039.95 10573.44 48.01 1.1233 1.3
"2016-09-16" 0.007 1.6926 1.08 4063.97 10276.17 45.77 1.1155 1.3283
"2016-09-23" -0.082 1.6184 1.09 4112.69 10626.97 45.89 1.1226 1.345
"2016-09-30" -0.119 1.5944 1.1025 4121.06 10511.02 49.06 1.1235 1.355
"2016-10-07" 0.02 1.7181 1.115 4096.25 10490.86 51.93 1.1201 1.3663
"2016-10-14" 0.058 1.7977 1.14 4057.28 10580.38 51.95 1.0972 1.412
"2016-10-21" 0.006 1.7347 1.18 4073.85 10710.73 51.78 1.0884 1.4575
"2016-10-28" 0.167 1.8468 1.187 4046.36 10696.19 49.71 1.0985 1.477
"2016-11-04" 0.135 1.7762 1.149 3970.02 10259.13 45.58 1.1141 1.456
"2016-11-11" 0.308 2.1501 1.225 4123.69 10667.95 44.75 1.0855 1.5414
"2016-11-18" 0.272 2.3548 1.2625 4160.58 10664.56 46.86 1.0588 1.5825
"2016-11-25" 0.24 2.3572 1.2875 4221.02 10699.27 47.24 1.0589 1.6
"2016-12-02" 0.281 2.3831 1.365 4182.81 10513.35 54.46 1.0664 1.662
"2016-12-09" 0.365 2.4675 1.43 4313.61 11203.63 54.33 1.0561 1.725
"2016-12-16" 0.314 2.5916 1.398 4312.4 11404.01 55.21 1.0451 1.666
"2016-12-23" 0.221 2.5373 1.45 4325.17 11449.93 55.16 1.0456 1.708
"2016-12-30" 0.208 2.4443 1.47 4278.66 11481.06 56.82 1.0517 1.7435
"2017-01-06" 0.298 2.4193 1.49 4354.05 11599.01 57.1 1.0532 1.7625
"2017-01-13" 0.338 2.3964 1.4775 4350.11 11629.18 55.45 1.0643 1.745
"2017-01-20" 0.421 2.4668 1.505 4344.67 11630.13 55.49 1.0703 1.755
"2017-01-27" 0.462 2.4843 1.545 4389.85 11814.27 55.52 1.0699 1.7975
"2017-02-03" 0.412 2.4648 1.535 4396.95 11651.49 56.81 1.0783 1.7738
"2017-02-10" 0.32 2.4073 1.533 4435.42 11666.97 56.7 1.0643 1.7643
"2017-02-17" 0.302 2.4147 1.5375 4506.2 11757.02 55.81 1.0616 1.7675
"2017-02-24" 0.186 2.3117 1.4825 4539.25 11804.03 55.99 1.0563 1.715
"2017-03-03" 0.356 2.478 1.45 4571.6 12027.36 55.9 1.0622 1.705
"2017-03-10" 0.485 2.5745 1.46 4553.28 11963.18 51.37 1.0673 1.719
"2017-03-17" 0.435 2.5005 1.4425 4566.17 12095.24 51.76 1.0738 1.681
"2017-03-24" 0.403 2.4123 1.4 4501.11 12064.27 50.8 1.0798 1.65
"2017-03-31" 0.328 2.3874 1.3375 4538.21 12312.87 52.83 1.0652 1.5597
"2017-04-07" 0.228 2.3822 1.365 4527.2 12225.06 55.24 1.0591 1.605
"2017-04-14" 0.187 2.2374 1.345 4477.07 12109 55.89 1.0618 1.5776
"2017-04-21" 0.253 2.248 1.373 4515.9 12048.57 51.96 1.0728 1.61
"2017-04-28" 0.317 2.2802 1.4025 4584.82 12438.01 51.73 1.0895 1.6267
"2017-05-05" 0.418 2.3487 1.397 4615.09 12716.89 49.1 1.0998 1.628
"2017-05-12" 0.391 2.3257 1.39 4602.96 12770.41 50.84 1.0931 1.6125
"2017-05-19" 0.368 2.2346 1.3775 4588.35 12638.69 53.61 1.1206 1.5966
"2017-05-26" 0.331 2.2465 1.357 4655.65 12602.18 52.15 1.1183 1.564
"2017-06-02" 0.274 2.1591 1.387 4702.56 12822.94 49.95 1.1279 1.576
"2017-06-09" 0.264 2.2005 1.367 4689.79 12815.72 48.15 1.1195 1.548
"2017-06-16" 0.276 2.1514 1.33 4695.23 12752.73 47.37 1.1198 1.53
"2017-06-23" 0.255 2.1423 1.323 4705.73 12733.41 45.54 1.1194 1.5335
"2017-06-30" 0.466 2.3037 1.38 4678.36 12325.12 47.92 1.1426 1.5792
"2017-07-07" 0.573 2.3856 1.39 4684.88 12388.68 46.71 1.1401 1.585
"2017-07-14" 0.597 2.3319 1.388 4751.43 12631.72 48.91 1.147 1.581
"2017-07-21" 0.506 2.2375 1.3775 4778.07 12240.06 48.06 1.1663 1.571
"2017-07-28" 0.542 2.2889 1.425 4778.02 12162.7 52.52 1.1751 1.557
"2017-08-04" 0.468 2.262 1.443 4789.11 12297.72 52.42 1.1773 1.586
"2017-08-11" 0.382 2.1888 1.435 4723.73 12014.06 52.1 1.1821 1.6
"2017-08-18" 0.414 2.1939 1.42 4696.22 12165.19 52.72 1.1761 1.591
"2017-08-25" 0.38 2.1659 1.415 4731.46 12167.94 52.41 1.1924 1.5875
"2017-09-01" 0.379 2.1657 1.439 4798.99 12142.64 52.75 1.186 1.61
"2017-09-08" 0.312 2.0507 1.435 4771.02 12303.98 53.78 1.2036 1.605
